  HYDROGEN                                                                       
     1    0.992162   19.200000 8.37480E-05
  1 1.000000
  HELIUM                                                                         
     1    0.499675   41.800000 1.66322E-04
  2 1.000000
  LITHIUM                                                                        
     1    0.432214   40.000000 5.34000E-01
  3 1.000000
  BERYLLIUM                                                                      
     1    0.443844   63.700000 1.84800E+00
  4 1.000000
  BORON                                                                          
     1    0.462535   76.000000 2.37000E+00
  5 1.000000
  AMORPHOUS CARBON                                                               
     1    0.499542   81.000000 2.00000E+00
  6 1.000000
  NITROGEN                                                                       
     1    0.499761   82.000000 1.16528E-03
  7 1.000000
  OXYGEN                                                                         
     1    0.500019   95.000000 1.33151E-03
  8 1.000000
  FLUORINE                                                                       
     1    0.473724  115.000000 1.58029E-03
  9 1.000000
  NEON                                                                           
     1    0.495565  137.000000 8.38505E-04
 10 1.000000
  SODIUM                                                                         
     1    0.478474  149.000000 9.71000E-01
 11 1.000000
  MAGNESIUM                                                                      
     1    0.493726  156.000000 1.74000E+00
 12 1.000000
  ALUMINUM                                                                       
     1    0.481811  166.000000 2.69890E+00
 13 1.000000
  SILICON                                                                        
     1    0.498478  173.000000 2.33000E+00
 14 1.000000
  PHOSPHORUS                                                                     
     1    0.484281  173.000000 2.20000E+00
 15 1.000000
  SULFUR                                                                         
     1    0.499064  180.000000 2.00000E+00
 16 1.000000
  CHLORINE                                                                       
     1    0.479508  174.000000 2.99473E-03
 17 1.000000
  ARGON                                                                          
     1    0.450586  188.000000 1.66201E-03
 18 1.000000
  POTASSIUM                                                                      
     1    0.485955  190.000000 8.62000E-01
 19 1.000000
  CALCIUM                                                                        
     1    0.499002  191.000000 1.55000E+00
 20 1.000000
  SCANDIUM                                                                       
     1    0.467124  216.000000 2.98900E+00
 21 1.000000
  TITANIUM                                                                       
     1    0.459482  233.000000 4.54000E+00
 22 1.000000
  VANADIUM                                                                       
     1    0.451498  245.000000 6.11000E+00
 23 1.000000
  CHROMIUM                                                                       
     1    0.461574  257.000000 7.18000E+00
 24 1.000000
  MANGANESE                                                                      
     1    0.455058  272.000000 7.44000E+00
 25 1.000000
  IRON                                                                           
     1    0.465558  286.000000 7.87400E+00
 26 1.000000
  COBALT                                                                         
     1    0.458146  297.000000 8.90000E+00
 27 1.000000
  NICKEL                                                                         
     1    0.477083  311.000000 8.90200E+00
 28 1.000000
  COPPER                                                                         
     1    0.456362  322.000000 8.96000E+00
 29 1.000000
  ZINC                                                                           
     1    0.458856  330.000000 7.13300E+00
 30 1.000000
  GALLIUM                                                                        
     1    0.444636  334.000000 5.90400E+00
 31 1.000000
  GERMANIUM                                                                      
     1    0.440832  350.000000 5.32300E+00
 32 1.000000
  ARSENIC                                                                        
     1    0.440460  347.000000 5.73000E+00
 33 1.000000
  SELENIUM                                                                       
     1    0.430598  348.000000 4.50000E+00
 34 1.000000
  BROMINE                                                                        
     1    0.438026  343.000000 7.07218E-03
 35 1.000000
  KRYPTON                                                                        
     1    0.429594  352.000000 3.47832E-03
 36 1.000000
  RUBIDIUM                                                                       
     1    0.432912  363.000000 1.53200E+00
 37 1.000000
  STRONTIUM                                                                      
     1    0.433691  366.000000 2.54000E+00
 38 1.000000
  YTTRIUM                                                                        
     1    0.438666  379.000000 4.46900E+00
 39 1.000000
  ZIRCONIUM                                                                      
     1    0.438500  393.000000 6.50600E+00
 40 1.000000
  NIOBIUM                                                                        
     1    0.441304  417.000000 8.57000E+00
 41 1.000000
  MOLYBDENUM                                                                     
     1    0.437774  424.000000 1.02200E+01
 42 1.000000
  TECHNETIUM                                                                     
     1    0.439192  428.000000 1.15000E+01
 43 1.000000
  RUTHENIUM                                                                      
     1    0.435342  441.000000 1.24100E+01
 44 1.000000
  RHODIUM                                                                        
     1    0.437294  449.000000 1.24100E+01
 45 1.000000
  PALLADIUM                                                                      
     1    0.432250  470.000000 1.20200E+01
 46 1.000000
  SILVER                                                                         
     1    0.435718  470.000000 1.05000E+01
 47 1.000000
  CADMIUM                                                                        
     1    0.427008  469.000000 8.65000E+00
 48 1.000000
  INDIUM                                                                         
     1    0.426755  488.000000 7.31000E+00
 49 1.000000
  TIN                                                                            
     1    0.421265  488.000000 7.31000E+00
 50 1.000000
  ANTIMONY                                                                       
     1    0.418891  487.000000 6.69100E+00
 51 1.000000
  TELLURIUM                                                                      
     1    0.407524  485.000000 6.24000E+00
 52 1.000000
  IODINE                                                                         
     1    0.417637  491.000000 4.93000E+00
 53 1.000000
  XENON                                                                          
     1    0.411303  482.000000 5.48536E-03
 54 1.000000
  CESIUM                                                                         
     1    0.413828  488.000000 1.87300E+00
 55 1.000000
  BARIUM                                                                         
     1    0.407777  491.000000 3.50000E+00
 56 1.000000
  LANTHANUM                                                                      
     1    0.410351  501.000000 6.15400E+00
 57 1.000000
  CERIUM                                                                         
     1    0.413931  523.000000 6.65700E+00
 58 1.000000
  PRASEODYMIUM                                                                   
     1    0.418714  535.000000 6.71000E+00
 59 1.000000
  NEODYMIUM                                                                      
     1    0.415973  546.000000 6.90000E+00
 60 1.000000
  PROMETHIUM                                                                     
     1    0.420942  560.000000 7.22000E+00
 61 1.000000
  SAMARIUM                                                                       
     1    0.412344  574.000000 7.46000E+00
 62 1.000000
  EUROPIUM                                                                       
     1    0.414583  580.000000 5.24300E+00
 63 1.000000
  GADOLINIUM                                                                     
     1    0.406995  591.000000 7.90040E+00
 64 1.000000
  TERBIUM                                                                        
     1    0.408997  614.000000 8.22900E+00
 65 1.000000
  DYSPROSIUM                                                                     
     1    0.406154  628.000000 8.55000E+00
 66 1.000000
  HOLMIUM                                                                        
     1    0.406232  650.000000 8.79500E+00
 67 1.000000
  ERBIUM                                                                         
     1    0.406553  658.000000 9.06600E+00
 68 1.000000
  THULIUM                                                                        
     1    0.408443  674.000000 9.32100E+00
 69 1.000000
  YTTERBIUM                                                                      
     1    0.404531  684.000000 6.73000E+00
 70 1.000000
  LUTETIUM                                                                       
     1    0.405791  694.000000 9.84000E+00
 71 1.000000
  HAFNIUM                                                                        
     1    0.403384  705.000000 1.33100E+01
 72 1.000000
  TANTALUM                                                                       
     1    0.403431  718.000000 1.66540E+01
 73 1.000000
  TUNGSTEN                                                                       
     1    0.402502  727.000000 1.93000E+01
 74 1.000000
  RHENIUM                                                                        
     1    0.402778  736.000000 2.10200E+01
 75 1.000000
  OSMIUM                                                                         
     1    0.399579  746.000000 2.25700E+01
 76 1.000000
  IRIDIUM                                                                        
     1    0.400583  757.000000 2.24200E+01
 77 1.000000
  PLATINUM                                                                       
     1    0.399836  790.000000 2.14500E+01
 78 1.000000
  GOLD                                                                           
     1    0.401083  790.000000 1.93200E+01
 79 1.000000
  MERCURY                                                                        
     1    0.398823  800.000000 1.35460E+01
 80 1.000000
  THALLIUM                                                                       
     1    0.396315  810.000000 1.17200E+01
 81 1.000000
  LEAD                                                                           
     1    0.395753  823.000000 1.13500E+01
 82 1.000000
  BISMUTH                                                                        
     1    0.397166  823.000000 9.74700E+00
 83 1.000000
  POLONIUM                                                                       
     1    0.401948  830.000000 9.32000E+00
 84 1.000000
  ASTATINE                                                                       
     1    0.404787  825.000000 9.32000E+00
 85 1.000000
  RADON                                                                          
     1    0.387356  794.000000 9.06618E-03
 86 1.000000
  FRANCIUM                                                                       
     1    0.390100  827.000000 1.00000E+00
 87 1.000000
  RADIUM                                                                         
     1    0.389337  826.000000 5.00000E+00
 88 1.000000
  ACTINIUM                                                                       
     1    0.392022  841.000000 1.00700E+01
 89 1.000000
  THORIUM                                                                        
     1    0.387867  847.000000 1.17200E+01
 90 1.000000
  PROTACTINIUM                                                                   
     1    0.393878  878.000000 1.53700E+01
 91 1.000000
  URANIUM                                                                        
     1    0.386508  890.000000 1.89500E+01
 92 1.000000
  NEPTUNIUM                                                                      
     1    0.392325  902.000000 2.02500E+01
 93 1.000000
  PLUTONIUM                                                                      
     1    0.393220  921.000000 1.98400E+01
 94 1.000000
  AMERICIUM                                                                      
     1    0.390848  934.000000 1.36700E+01
 95 1.000000
  CURIUM                                                                         
     1    0.388554  939.000000 1.35100E+01
 96 1.000000
  BERKELIUM                                                                      
     1    0.392601  952.000000 1.40000E+01
 97 1.000000
  CALIFORNIUM                                                                    
     1    0.390314  966.000000 1.00000E+01
 98 1.000000
  A-150 TISSUE-EQUIVALENT PLASTIC                                                
     6    0.549031   65.100000 1.12700E+00
  1 0.101327  6 0.775501  7 0.035057  8 0.052316  9 0.017422 20 0.018378
  ACETONE                                                                        
     3    0.550966   64.200000 7.89900E-01
  1 0.104122  6 0.620405  8 0.275473
  ACETYLENE                                                                      
     2    0.537680   58.200000 1.09670E-03
  1 0.077418  6 0.922582
  ADENINE                                                                        
     3    0.518027   71.400000 1.35000E+00
  1 0.037294  6 0.444430  7 0.518275
  ADIPOSE TISSUE (ICRP)                                                          
    13    0.558468   63.200000 9.20000E-01
  1 0.119477  6 0.637240  7 0.007970  8 0.232333 11 0.000500 12 0.000020
 15 0.000160 16 0.000730 17 0.001190 19 0.000320 20 0.000020 26 0.000020
 30 0.000020
  AIR, DRY (NEAR SEA LEVEL)                                                      
     4    0.499190   85.700000 1.20479E-03
  6 0.000124  7 0.755267  8 0.231781 18 0.012827
  ALANINE                                                                        
     4    0.538758   71.900000 1.42000E+00
  1 0.079190  6 0.404439  7 0.157213  8 0.359159
  ALUMINUM OXIDE                                                                 
     2    0.490382  145.200000 3.97000E+00
  8 0.470749 13 0.529251
  AMBER                                                                          
     3    0.551776   63.200000 1.10000E+00
  1 0.105930  6 0.788973  8 0.105096
  AMMONIA                                                                        
     2    0.587185   53.700000 8.26019E-04
  1 0.177547  7 0.822453
  ANILINE                                                                        
     3    0.536895   66.200000 1.02350E+00
  1 0.075759  6 0.773838  7 0.150403
  ANTHRACENE                                                                     
     2    0.527400   69.500000 1.28300E+00
  1 0.056550  6 0.943450
  B-100 BONE-EQUIVALENT PLASTIC                                                  
     6    0.527397   85.900000 1.45000E+00
  1 0.065471  6 0.536945  7 0.021500  8 0.032085  9 0.167411 20 0.176589
  BAKELITE                                                                       
     3    0.527919   72.400000 1.25000E+00
  1 0.057441  6 0.774591  8 0.167968
  BARIUM FLUORIDE                                                                
     2    0.422069  375.900000 4.89000E+00
  9 0.216720 56 0.783280
  BARIUM SULFATE                                                                 
     3    0.445611  285.700000 4.50000E+00
  8 0.274212 16 0.137368 56 0.588420
  BENZENE                                                                        
     2    0.537680   63.400000 8.78650E-01
  1 0.077418  6 0.922582
  BERYLLIUM OXIDE                                                                
     2    0.479778   93.200000 3.01000E+00
  4 0.360320  8 0.639680
  BISMUTH GERMANIUM OXIDE                                                        
     3    0.420652  534.100000 7.13000E+00
  8 0.154126 32 0.174820 83 0.671054
  BLOOD (ICRP)                                                                   
    14    0.549952   75.200000 1.06000E+00
  1 0.101866  6 0.100020  7 0.029640  8 0.759414 11 0.001850 12 0.000040
 14 0.000030 15 0.000350 16 0.001850 17 0.002780 19 0.001630 20 0.000060
 26 0.000460 30 0.000010
  BONE, COMPACT (ICRU)                                                           
     8    0.530103   91.900000 1.85000E+00
  1 0.063984  6 0.278000  7 0.027000  8 0.410016 12 0.002000 15 0.070000
 16 0.002000 20 0.147000
  BONE, CORTICAL (ICRP)                                                          
     9    0.521299  106.400000 1.85000E+00
  1 0.047234  6 0.144330  7 0.041990  8 0.446096 12 0.002200 15 0.104970
 16 0.003150 20 0.209930 30 0.000100
  BORON CARBIDE                                                                  
     2    0.470580   84.700000 2.52000E+00
  5 0.782610  6 0.217390
  BORON OXIDE                                                                    
     2    0.488378   99.600000 1.81200E+00
  5 0.310551  8 0.689449
  BRAIN (ICRP)                                                                   
    13    0.554227   73.300000 1.03000E+00
  1 0.110667  6 0.125420  7 0.013280  8 0.737723 11 0.001840 12 0.000150
 15 0.003540 16 0.001770 17 0.002360 19 0.003100 20 0.000090 26 0.000050
 30 0.000010
  BUTANE                                                                         
     2    0.584966   48.300000 2.49343E-03
  1 0.173408  6 0.826592
  N-BUTYL ALCOHOL                                                                
     3    0.566630   59.900000 8.09800E-01
  1 0.135978  6 0.648171  8 0.215851
  C-552 AIR-EQUIVALENT PLASTIC                                                   
     5    0.499687   86.800000 1.76000E+00
  1 0.024680  6 0.501610  8 0.004527  9 0.465209 14 0.003973
  CADMIUM TELLURIDE                                                              
     2    0.416649  539.300000 6.20000E+00
 48 0.468355 52 0.531645
  CADMIUM TUNGSTATE                                                              
     3    0.427472  468.300000 7.90000E+00
  8 0.177644 48 0.312027 74 0.510329
  CALCIUM CARBONATE                                                              
     3    0.499554  136.400000 2.80000E+00
  6 0.120003  8 0.479554 20 0.400443
  CALCIUM FLUORIDE                                                               
     2    0.486700  166.000000 3.18000E+00
  9 0.486659 20 0.513341
  CALCIUM OXIDE                                                                  
     2    0.499292  176.100000 3.30000E+00
  8 0.285299 20 0.714701
  CALCIUM SULFATE                                                                
     3    0.499495  152.300000 2.96000E+00
  8 0.470095 16 0.235497 20 0.294408
  CALCIUM TUNGSTATE                                                              
     3    0.437610  395.000000 6.06200E+00
  8 0.222270 20 0.139202 74 0.638529
  CARBON DIOXIDE                                                                 
     2    0.499889   85.000000 1.84212E-03
  6 0.272916  8 0.727084
  CARBON TETRACHLORIDE                                                           
     2    0.481072  166.300000 1.59400E+00
  6 0.078083 17 0.921917
  CELLULOSE ACETATE, CELLOPHANE                                                  
     3    0.530399   77.600000 1.42000E+00
  1 0.062162  6 0.444462  8 0.493376
  CELLULOSE ACETATE BUTYRATE                                                     
     3    0.532794   74.600000 1.20000E+00
  1 0.067125  6 0.545403  8 0.387472
  CELLULOSE NITRATE                                                              
     4    0.514237   87.000000 1.49000E+00
  1 0.029216  6 0.271296  7 0.121276  8 0.578212
  CERIC SULFATE DOSIMETER SOLUTION                                               
     5    0.552785   76.700000 1.03000E+00
  1 0.107596  7 0.000800  8 0.874976 16 0.014627 58 0.002001
  CESIUM FLUORIDE                                                                
     2    0.421319  440.700000 4.11500E+00
  9 0.125069 55 0.874931
  CESIUM IODIDE                                                                  
     2    0.415689  553.100000 4.51000E+00
 53 0.488451 55 0.511549
  CHLOROBENZENE                                                                  
     3    0.515288   89.100000 1.10580E+00
  1 0.044772  6 0.640254 17 0.314974
  CHLOROFORM                                                                     
     3    0.485852  156.000000 1.48320E+00
  1 0.008443  6 0.100613 17 0.890944
  CONCRETE, PORTLAND                                                             
    10    0.502736  135.200000 2.30000E+00
  1 0.010000  6 0.001000  8 0.529107 11 0.016000 12 0.002000 13 0.033872
 14 0.337021 19 0.013000 20 0.044000 26 0.014000
  CYCLOHEXANE                                                                    
     2    0.570337   56.400000 7.79000E-01
  1 0.143711  6 0.856289
  1,2-DICHLOROBENZENE                                                            
     3    0.503389  106.500000 1.30480E+00
  1 0.027425  6 0.490233 17 0.482342
  DICHLORODIETHYL ETHER                                                          
     4    0.517437  103.300000 1.21990E+00
  1 0.056381  6 0.335942  8 0.111874 17 0.495802
  1,2-DICHLOROETHANE                                                             
     3    0.505257  111.900000 1.23510E+00
  1 0.040740  6 0.242746 17 0.716515
  DIETHYL ETHER                                                                  
     3    0.566630   60.000000 7.13780E-01
  1 0.135978  6 0.648171  8 0.215851
  N,N-DIMETHYL FORMAMIDE                                                         
     4    0.547238   66.600000 9.48700E-01
  1 0.096523  6 0.492965  7 0.191625  8 0.218887
  DIMETHYL SULFOXIDE                                                             
     4    0.537574   98.600000 1.10140E+00
  1 0.077403  6 0.307467  8 0.204782 16 0.410348
  ETHANE                                                                         
     2    0.598615   45.400000 1.25324E-03
  1 0.201115  6 0.798885
  ETHYL ALCOHOL                                                                  
     3    0.564373   62.900000 7.89300E-01
  1 0.131269  6 0.521438  8 0.347294
  ETHYL CELLULOSE                                                                
     3    0.544046   69.300000 1.13000E+00
  1 0.090027  6 0.585182  8 0.324791
  ETHYLENE                                                                       
     2    0.570337   50.700000 1.17497E-03
  1 0.143711  6 0.856289
  EYE LENS (ICRP)                                                                
     4    0.548767   73.300000 1.10000E+00
  1 0.099269  6 0.193710  7 0.053270  8 0.653751
  FERRIC OXIDE                                                                   
     2    0.475916  227.300000 5.20000E+00
  8 0.300567 26 0.699433
  FERROBORIDE                                                                    
     2    0.465067  261.000000 7.15000E+00
  5 0.162174 26 0.837826
  FERROUS OXIDE                                                                  
     2    0.473232  248.600000 5.70000E+00
  8 0.222689 26 0.777311
  FERROUS SULFATE DOSIMETER SOLUTION                                             
     7    0.553282   76.400000 1.02400E+00
  1 0.108259  7 0.000027  8 0.878636 11 0.000022 16 0.012968 17 0.000034
 26 0.000054
  FREON-12                                                                       
     3    0.479681  143.000000 1.12000E+00
  6 0.099335  9 0.314247 17 0.586418
  FREON-12B2                                                                     
     3    0.448012  284.900000 1.80000E+00
  6 0.057245  9 0.181096 35 0.761659
  FREON-13                                                                       
     3    0.478656  126.600000 9.50000E-01
  6 0.114983  9 0.545622 17 0.339396
  FREON-13B1                                                                     
     3    0.456651  210.500000 1.50000E+00
  6 0.080659  9 0.382749 35 0.536592
  FREON-13I1                                                                     
     3    0.438975  293.500000 1.80000E+00
  6 0.061309  9 0.290924 53 0.647767
  GADOLINIUM OXYSULFIDE                                                          
     3    0.422656  493.300000 7.44000E+00
  8 0.084528 16 0.084690 64 0.830782
  GALLIUM ARSENIDE                                                               
     2    0.442473  384.900000 5.31000E+00
 31 0.482019 33 0.517981
  GEL IN PHOTOGRAPHIC EMULSION                                                   
     5    0.539734   74.800000 1.29140E+00
  1 0.081180  6 0.416060  7 0.111240  8 0.380640 16 0.010880
  Pyrex Glass                                                                    
     6    0.497068  134.000000 2.23000E+00
  5 0.040064  8 0.539562 11 0.028191 13 0.011644 14 0.377220 19 0.003321
  GLASS, LEAD                                                                    
     5    0.421007  526.400000 6.22000E+00
  8 0.156453 14 0.080866 22 0.008092 33 0.002651 82 0.751938
  GLASS, PLATE                                                                   
     4    0.497313  145.400000 2.40000E+00
  8 0.459800 11 0.096441 14 0.336553 20 0.107205
  GLUCOSE                                                                        
     3    0.534888   77.200000 1.54000E+00
  1 0.071204  6 0.363652  8 0.565144
  GLUTAMINE                                                                      
     4    0.533714   73.300000 1.46000E+00
  1 0.068965  6 0.410926  7 0.191681  8 0.328427
  GLYCEROL                                                                       
     3    0.542921   72.600000 1.26130E+00
  1 0.087554  6 0.391262  8 0.521185
  GUANINE                                                                        
     4    0.516121   75.000000 1.58000E+00
  1 0.033346  6 0.397380  7 0.463407  8 0.105867
  GYPSUM, PLASTER OF PARIS                                                       
     4    0.511128  129.700000 2.32000E+00
  1 0.023416  8 0.557572 16 0.186215 20 0.232797
  N-HEPTANE                                                                      
     2    0.578823   54.400000 6.83760E-01
  1 0.160937  6 0.839063
  N-HEXANE                                                                       
     2    0.580204   54.000000 6.60300E-01
  1 0.163741  6 0.836259
  KAPTON POLYIMIDE FILM                                                          
     4    0.512644   79.600000 1.42000E+00
  1 0.026362  6 0.691133  7 0.073270  8 0.209235
  LANTHANUM OXYBROMIDE                                                           
     3    0.425878  439.700000 6.28000E+00
  8 0.068138 35 0.340294 57 0.591568
  LANTHANUM OXYSULFIDE                                                           
     3    0.427063  421.200000 5.86000E+00
  8 0.093600 16 0.093778 57 0.812622
  LEAD OXIDE                                                                     
     2    0.403227  766.700000 9.53000E+00
  8 0.071682 82 0.928318
  LITHIUM AMIDE                                                                  
     3    0.522568   55.500000 1.17800E+00
  1 0.087783  3 0.302262  7 0.609955
  LITHIUM CARBONATE                                                              
     3    0.487203   87.900000 2.11000E+00
  3 0.187871  6 0.162550  8 0.649579
  LITHIUM FLUORIDE                                                               
     2    0.462617   94.000000 2.63500E+00
  3 0.267585  9 0.732415
  LITHIUM HYDRIDE                                                                
     2    0.503214   36.500000 8.20000E-01
  1 0.126797  3 0.873203
  LITHIUM IODIDE                                                                 
     2    0.418393  485.100000 3.49400E+00
  3 0.051858 53 0.948142
  LITHIUM OXIDE                                                                  
     2    0.468519   73.600000 2.01300E+00
  3 0.464570  8 0.535430
  LITHIUM TETRABORATE                                                            
     3    0.484869   94.600000 2.44000E+00
  3 0.082085  5 0.255680  8 0.662235
  LUNG (ICRP)                                                                    
    13    0.549652   75.300000 1.05000E+00
  1 0.101278  6 0.102310  7 0.028650  8 0.757072 11 0.001840 12 0.000730
 15 0.000800 16 0.002250 17 0.002660 19 0.001940 20 0.000090 26 0.000370
 30 0.000010
  M3 WAX                                                                         
     5    0.555116   67.900000 1.05000E+00
  1 0.114318  6 0.655823  8 0.092183 12 0.134792 20 0.002883
  MAGNESIUM CARBONATE                                                            
     3    0.498137  118.000000 2.95800E+00
  6 0.142455  8 0.569278 12 0.288267
  MAGNESIUM FLUORIDE                                                             
     2    0.481527  134.300000 3.00000E+00
  9 0.609883 12 0.390117
  MAGNESIUM OXIDE                                                                
     2    0.496224  143.800000 3.58000E+00
  8 0.396964 12 0.603036
  MAGNESIUM TETRABORATE                                                          
     3    0.490139  108.300000 2.53000E+00
  5 0.240837  8 0.623790 12 0.135373
  MERCURIC IODIDE                                                                
     2    0.409332  684.500000 6.36000E+00
 53 0.558560 80 0.441440
  METHANE                                                                        
     2    0.623340   41.700000 6.67151E-04
  1 0.251306  6 0.748694
  METHANOL                                                                       
     3    0.561763   67.600000 7.91400E-01
  1 0.125822  6 0.374852  8 0.499326
  MIX D WAX                                                                      
     5    0.564789   60.900000 9.90000E-01
  1 0.134040  6 0.777960  8 0.035020 12 0.038594 22 0.014386
  MS20 TISSUE SUBSTITUTE                                                         
     6    0.538856   75.100000 1.00000E+00
  1 0.081192  6 0.583442  7 0.017798  8 0.186381 12 0.130287 17 0.000900
  MUSCLE, SKELETAL (ICRP)                                                        
    13    0.549378   75.300000 1.04000E+00
  1 0.100637  6 0.107830  7 0.027680  8 0.754773 11 0.000750 12 0.000190
 15 0.001800 16 0.002410 17 0.000790 19 0.003020 20 0.000030 26 0.000040
 30 0.000050
  MUSCLE, STRIATED (ICRU)                                                        
     9    0.550051   74.700000 1.04000E+00
  1 0.101997  6 0.123000  7 0.035000  8 0.729003 11 0.000800 12 0.000200
 15 0.002000 16 0.005000 19 0.003000
  MUSCLE-EQUIVALENT LIQUID, WITH SUCROSE                                         
     4    0.548281   74.300000 1.11000E+00
  1 0.098234  6 0.156214  7 0.035451  8 0.710100
  MUSCLE-EQUIVALENT LIQUID, WITHOUT SUCROSE                                      
     4    0.550136   74.200000 1.07000E+00
  1 0.101969  6 0.120058  7 0.035451  8 0.742522
  NAPHTHALENE                                                                     
     2    0.530532   68.400000 1.14500E+00
  1 0.062909  6 0.937091
  NITROBENZENE                                                                   
     4    0.519856   75.800000 1.19867E+00
  1 0.040935  6 0.585374  7 0.113773  8 0.259918
  NITROUS OXIDE                                                                  
     2    0.499855   84.900000 1.83094E-03
  7 0.636483  8 0.363517
  NYLON, DU PONT ELVAMIDE 8062                                                   
     4    0.550625   64.300000 1.08000E+00
  1 0.103509  6 0.648415  7 0.099536  8 0.148539
  NYLON, TYPE 6 AND TYPE 6/6                                                     
     4    0.547902   63.900000 1.14000E+00
  1 0.097976  6 0.636856  7 0.123779  8 0.141389
  NYLON, TYPE 6/10                                                               
     4    0.552359   63.200000 1.14000E+00
  1 0.107062  6 0.680449  7 0.099189  8 0.113300
  NYLON, TYPE 11 (RILSAN)                                                        
     4    0.556486   61.600000 1.42500E+00
  1 0.115476  6 0.720819  7 0.076417  8 0.087289
  OCTANE, LIQUID                                                                 
     2    0.577781   54.700000 7.02600E-01
  1 0.158821  6 0.841179
  PARAFFIN WAX                                                                   
     2    0.572748   55.900000 9.30000E-01
  1 0.148605  6 0.851395
  N-PENTANE                                                                      
     2    0.582122   53.600000 6.26200E-01
  1 0.167635  6 0.832365
  PHOTOGRAPHIC EMULSION                                                          
     8    0.454532  331.000000 3.81500E+00
  1 0.014100  6 0.072261  7 0.019320  8 0.066101 16 0.001890 35 0.349103
 47 0.474105 53 0.003120
  PLASTIC SCINTILLATOR (VINYLTOLUENE BASED)                                      
     2    0.541415   64.700000 1.03200E+00
  1 0.085000  6 0.915000
  PLUTONIUM DIOXIDE                                                              
     2    0.405828  746.500000 1.14600E+01
  8 0.118055 94 0.881945
  POLYACRYLONITRILE                                                              
     3    0.527671   69.600000 1.17000E+00
  1 0.056983  6 0.679056  7 0.263962
  POLYCARBONATE (MAKROLON, LEXAN)                                                
     3    0.526968   73.100000 1.20000E+00
  1 0.055491  6 0.755751  8 0.188758
  POLYCHLOROSTYRENE                                                              
     3    0.525176   81.700000 1.30000E+00
  1 0.061869  6 0.696325 17 0.241806
  POLYETHYLENE                                                                   
     2    0.570337   57.400000 9.40000E-01
  1 0.143711  6 0.856289
  POLYETHYLENE TEREPHTHALATE (MYLAR)                                             
     3    0.520370   78.700000 1.40000E+00
  1 0.041959  6 0.625017  8 0.333025
  POLYMETHYL METHACRALATE (LUCITE, PERSPEX, PLEXIGLASS)                          
     3    0.539369   74.000000 1.19000E+00
  1 0.080538  6 0.599848  8 0.319614
  POLYOXYMETHYLENE                                                               
     3    0.532868   77.400000 1.42500E+00
  1 0.067135  6 0.400017  8 0.532848
  POLYPROPYLENE                                                                  
     2    0.570337   56.500000 9.00000E-01
  1 0.143711  6 0.856289
  POLYSTYRENE                                                                    
     2    0.537680   68.700000 1.06000E+00
  1 0.077418  6 0.922582
  POLYTETRAFLUOROETHYLENE (TEFLON)                                               
     2    0.479925   99.100000 2.20000E+00
  6 0.240183  9 0.759817
  POLYTRIFLUOROCHLOROETHYLENE                                                    
     3    0.480810  120.700000 2.10000E+00
  6 0.206250  9 0.489354 17 0.304395
  POLYVINYL ACETATE                                                              
     3    0.534323   73.700000 1.19000E+00
  1 0.070245  6 0.558066  8 0.371689
  POLYVINYL ALCOHOL                                                              
     3    0.544798   69.700000 1.30000E+00
  1 0.091517  6 0.545298  8 0.363185
  POLYVINYL BUTYRAL                                                              
     3    0.545366   67.200000 1.12000E+00
  1 0.092802  6 0.680561  8 0.226637
  POLYVINYL CHLORIDE                                                             
     3    0.512011  108.200000 1.30000E+00
  1 0.048380  6 0.384360 17 0.567260
  POLYVINYLIDENE CHLORIDE, SARAN                                                 
     3    0.495132  134.300000 1.70000E+00
  1 0.020793  6 0.247793 17 0.731413
  POLYVINYLIDENE FLUORIDE                                                        
     3    0.499730   88.800000 1.76000E+00
  1 0.031480  6 0.375141  9 0.593379
  POLYVINYL PYRROLIDONE                                                          
     4    0.539844   67.700000 1.25000E+00
  1 0.081616  6 0.648407  7 0.126024  8 0.143953
  POTASSIUM IODIDE                                                               
     2    0.433728  431.900000 3.13000E+00
 19 0.235528 53 0.764472
  POTASSIUM OXIDE                                                                
     2    0.488343  189.900000 2.32000E+00
  8 0.169852 19 0.830148
  PROPANE                                                                        
     2    0.589620   47.100000 1.87939E-03
  1 0.182855  6 0.817145
  PROPANE, LIQUID                                                                
     2    0.589620   52.000000 4.30000E-01
  1 0.182855  6 0.817145
  N-PROPYL ALCOHOL                                                               
     3    0.565765   61.100000 8.03500E-01
  1 0.134173  6 0.599595  8 0.266232
  PYRIDINE                                                                       
     3    0.530965   66.200000 9.81900E-01
  1 0.063710  6 0.759217  7 0.177073
  RUBBER, BUTYL                                                                  
     2    0.570337   56.500000 9.20000E-01
  1 0.143711  6 0.856289
  RUBBER, NATURAL                                                                
     2    0.557854   59.800000 9.20000E-01
  1 0.118371  6 0.881629
  RUBBER, NEOPRENE                                                               
     3    0.519560   93.000000 1.23000E+00
  1 0.056920  6 0.542646 17 0.400434
  SILICON DIOXIDE                                                                
     2    0.499298  139.200000 2.32000E+00
  8 0.532565 14 0.467435
  SILVER BROMIDE                                                                 
     2    0.436700  486.600000 6.47300E+00
 35 0.425537 47 0.574463
  SILVER CHLORIDE                                                                
     2    0.446550  398.400000 5.56000E+00
 17 0.247368 47 0.752632
  SILVER HALIDES IN PHOTOGRAPHIC EMULSION                                        
     3    0.436633  487.100000 6.47000E+00
 35 0.422895 47 0.573748 53 0.003357
  SILVER IODIDE                                                                  
     2    0.425944  543.500000 6.01000E+00
 47 0.459458 53 0.540542
  SKIN (ICRP)                                                                    
    13    0.549325   72.700000 1.10000E+00
  1 0.100588  6 0.228250  7 0.046420  8 0.619002 11 0.000070 12 0.000060
 15 0.000330 16 0.001590 17 0.002670 19 0.000850 20 0.000150 26 0.000010
 30 0.000010
  SODIUM CARBONATE                                                               
     3    0.490618  125.000000 2.53200E+00
  6 0.113323  8 0.452861 11 0.433815
  SODIUM IODIDE                                                                  
     2    0.426968  452.000000 3.66700E+00
 11 0.153373 53 0.846627
  SODIUM MONOXIDE                                                                
     2    0.484035  148.800000 2.27000E+00
  8 0.258143 11 0.741857
  SODIUM NITRATE                                                                 
     3    0.494149  114.600000 2.26100E+00
  7 0.164795  8 0.564720 11 0.270485
  STILBENE                                                                       
     2    0.532597   67.700000 9.70700E-01
  1 0.067101  6 0.932899
  SUCROSE                                                                        
     3    0.531699   77.500000 1.58050E+00
  1 0.064779  6 0.421070  8 0.514151
  TERPHENYL                                                                      
     2    0.521485   71.700000 1.23400E+00
  1 0.044543  6 0.955457
  TESTES (ICRP)                                                                  
    13    0.551083   75.000000 1.04000E+00
  1 0.104166  6 0.092270  7 0.019940  8 0.773884 11 0.002260 12 0.000110
 15 0.001250 16 0.001460 17 0.002440 19 0.002080 20 0.000100 26 0.000020
 30 0.000020
  TETRACHLOROETHYLENE                                                            
     2    0.482410  159.200000 1.62500E+00
  6 0.144856 17 0.855144
  THALLIUM CHLORIDE                                                              
     2    0.408613  690.300000 7.00400E+00
 17 0.147822 81 0.852178
  TISSUE, SOFT (ICRP)                                                            
    13    0.551210   72.300000 1.00000E+00
  1 0.104472  6 0.232190  7 0.024880  8 0.630238 11 0.001130 12 0.000130
 15 0.001330 16 0.001990 17 0.001340 19 0.001990 20 0.000230 26 0.000050
 30 0.000030
  TISSUE, SOFT (ICRU FOUR-COMPONENT)                                             
     4    0.549750   74.900000 1.00000E+00
  1 0.101172  6 0.111000  7 0.026000  8 0.761828
  TISSUE-EQUIVALENT GAS (METHANE BASED)                                          
     4    0.549927   61.200000 1.06409E-03
  1 0.101869  6 0.456179  7 0.035172  8 0.406780
  TISSUE-EQUIVALENT GAS (PROPANE BASED)                                          
     4    0.550268   59.500000 1.82628E-03
  1 0.102672  6 0.568940  7 0.035022  8 0.293366
  TITANIUM DIOXIDE                                                               
     2    0.475721  179.500000 4.26000E+00
  8 0.400592 22 0.599408
  TOLUENE                                                                        
     2    0.542651   62.500000 8.66900E-01
  1 0.087510  6 0.912490
  TRICHLOROETHYLENE                                                              
     3    0.487104  148.100000 1.46000E+00
  1 0.007671  6 0.182831 17 0.809498
  TRIETHYL PHOSPHATE                                                             
     4    0.538001   81.200000 1.07000E+00
  1 0.082998  6 0.395628  8 0.351334 15 0.170040
  TUNGSTEN HEXAFLUORIDE                                                          
     2    0.429760  354.400000 2.40000E+00
  9 0.382723 74 0.617277
  URANIUM DICARBIDE                                                              
     2    0.396869  752.000000 1.12800E+01
  6 0.091669 92 0.908331
  URANIUM MONOCARBIDE                                                            
     2    0.391937  862.000000 1.36300E+01
  6 0.048036 92 0.951964
  URANIUM OXIDE                                                                  
     2    0.399959  720.600000 1.09600E+01
  8 0.118502 92 0.881498
  UREA                                                                           
     4    0.532841   72.800000 1.32300E+00
  1 0.067131  6 0.199999  7 0.466459  8 0.266411
  VALINE                                                                         
     4    0.546320   67.700000 1.23000E+00
  1 0.094641  6 0.512645  7 0.119565  8 0.273150
  VITON FLUOROELASTOMER                                                          
     3    0.485850   98.600000 1.80000E+00
  1 0.009417  6 0.280555  9 0.710028
  WATER, LIQUID                                                                  
     2    0.555087   75.000000 1.00000E+00
  1 0.111894  8 0.888106
  WATER VAPOR                                                                    
     2    0.555087   71.600000 7.56182E-04
  1 0.111894  8 0.888106
  XYLENE                                                                         
     2    0.546309   61.800000 8.70000E-01
  1 0.094935  6 0.905065
  CARBON (GRAPHITE)                                                              
     1    0.499542   78.000000 1.70000E+00
  6 1.000000
